#
# leduc strategy strat1
# made on:       Sat Jan 19 07:38:55 2019
# abstraction:   abstractions/fullgame
# opponent:      abstractions/fullgame
# iterations:    1410065408
#
J:/: 0.072958207 0.927041793 0.000000000
Q:/: 0.743590159 0.256409841 0.000000000
K:/: 0.752549649 0.247450351 0.000000000
J:/rr: 0.000000000 0.999999959 0.000000041
Q:/rr: 0.000000000 0.999999996 0.000000004
K:/rr: 0.000000000 0.999999990 0.000000010
JJ:/rrc/: 0.999997886 0.000002114 0.000000000
JQ:/rrc/: 0.122530418 0.877469582 0.000000000
JK:/rrc/: 0.556224627 0.443775373 0.000000000
QJ:/rrc/: 0.000000001 0.999999999 0.000000000
QQ:/rrc/: 0.996415721 0.003584279 0.000000000
QK:/rrc/: 0.127820941 0.872179059 0.000000000
KJ:/rrc/: 0.079400000 0.920600000 0.000000000
KQ:/rrc/: 0.720926445 0.279073555 0.000000000
KK:/rrc/: 0.535127938 0.464872062 0.000000000
JJ:/rrc/rr: 0.000000000 1.000000000 0.000000000
JQ:/rrc/rr: 0.000000000 0.000000000 1.000000000
JK:/rrc/rr: 0.000000000 0.000000008 0.999999992
QJ:/rrc/rr: 0.000000000 0.462662674 0.537337326
QQ:/rrc/rr: 0.000000000 1.000000000 0.000000000
QK:/rrc/rr: 0.000000000 0.000000270 0.999999730
KJ:/rrc/rr: 0.000000000 0.459029156 0.540970844
KQ:/rrc/rr: 0.000000000 0.393425569 0.606574431
KK:/rrc/rr: 0.000000000 1.000000000 0.000000000
JJ:/rrc/cr: 0.998217662 0.001782338 0.000000000
JQ:/rrc/cr: 0.000001161 0.000000000 0.999998839
JK:/rrc/cr: 0.980642299 0.000000007 0.019357694
QJ:/rrc/cr: 0.000000000 0.000000000 0.999999999
QQ:/rrc/cr: 1.000000000 0.000000000 0.000000000
QK:/rrc/cr: 0.000000144 0.294161034 0.705838822
KJ:/rrc/cr: 0.000013381 0.999986341 0.000000278
KQ:/rrc/cr: 0.005320547 0.975581275 0.019098178
KK:/rrc/cr: 0.999999999 0.000000001 0.000000000
JJ:/rc/: 0.995455314 0.004544686 0.000000000
JQ:/rc/: 0.999986402 0.000013598 0.000000000
JK:/rc/: 0.999907015 0.000092985 0.000000000
QJ:/rc/: 0.007483794 0.992516206 0.000000000
QQ:/rc/: 0.490741010 0.509258990 0.000000000
QK:/rc/: 0.441169723 0.558830277 0.000000000
KJ:/rc/: 0.079930366 0.920069634 0.000000000
KQ:/rc/: 0.000000112 0.999999888 0.000000000
KK:/rc/: 0.811339375 0.188660625 0.000000000
JJ:/rc/rr: 0.000000000 1.000000000 0.000000000
JQ:/rc/rr: 0.000000000 0.000000018 0.999999982
JK:/rc/rr: 0.000000000 0.000000009 0.999999991
QJ:/rc/rr: 0.000000000 0.000000119 0.999999881
QQ:/rc/rr: 0.000000000 1.000000000 0.000000000
QK:/rc/rr: 0.000000000 0.203800743 0.796199257
KJ:/rc/rr: 0.000000000 0.315083932 0.684916068
KQ:/rc/rr: 0.000000000 0.972996080 0.027003920
KK:/rc/rr: 0.000000000 0.999999997 0.000000003
JJ:/rc/cr: 1.000000000 0.000000000 0.000000000
JQ:/rc/cr: 0.001019004 0.000893328 0.998087668
JK:/rc/cr: 0.998435842 0.000065349 0.001498809
QJ:/rc/cr: 0.000000001 0.000000001 0.999999999
QQ:/rc/cr: 1.000000000 0.000000000 0.000000000
QK:/rc/cr: 0.005302477 0.526548915 0.468148608
KJ:/rc/cr: 0.000292999 0.998542255 0.001164746
KQ:/rc/cr: 0.000000030 0.487533380 0.512466590
KK:/rc/cr: 0.999999950 0.000000042 0.000000008
J:/cr: 0.018473192 0.035208101 0.946318707
Q:/cr: 0.156966792 0.843032878 0.000000330
K:/cr: 0.687213574 0.312786418 0.000000008
JJ:/crrc/: 0.998234548 0.001765452 0.000000000
JQ:/crrc/: 0.002080941 0.997919059 0.000000000
JK:/crrc/: 0.999999615 0.000000385 0.000000000
QJ:/crrc/: 0.006042697 0.993957303 0.000000000
QQ:/crrc/: 0.011487997 0.988512003 0.000000000
QK:/crrc/: 0.993092604 0.006907396 0.000000000
KJ:/crrc/: 0.072540954 0.927459046 0.000000000
KQ:/crrc/: 0.001017146 0.998982854 0.000000000
KK:/crrc/: 0.999490065 0.000509935 0.000000000
JJ:/crrc/rr: 0.000000000 1.000000000 0.000000000
JQ:/crrc/rr: 0.000000000 0.000185538 0.999814462
JK:/crrc/rr: 0.000000000 0.000000013 0.999999987
QJ:/crrc/rr: 0.000000000 0.000001357 0.999998643
QQ:/crrc/rr: 0.000000000 1.000000000 0.000000000
QK:/crrc/rr: 0.000000000 0.000005451 0.999994549
KJ:/crrc/rr: 0.000000000 0.395290322 0.604709678
KQ:/crrc/rr: 0.000000000 0.224472261 0.775527739
KK:/crrc/rr: 0.000000000 1.000000000 0.000000000
JJ:/crrc/cr: 1.000000000 0.000000000 0.000000000
JQ:/crrc/cr: 0.199322049 0.000000024 0.800677927
JK:/crrc/cr: 0.390020361 0.312771112 0.297208527
QJ:/crrc/cr: 0.000000004 0.000000004 0.999999993
QQ:/crrc/cr: 1.000000000 0.000000000 0.000000000
QK:/crrc/cr: 0.000093383 0.756651220 0.243255397
KJ:/crrc/cr: 0.000122514 0.999560650 0.000316836
KQ:/crrc/cr: 0.005953403 0.683179831 0.310866765
KK:/crrc/cr: 0.999982072 0.000017345 0.000000583
JJ:/crc/: 0.962555152 0.037444848 0.000000000
JQ:/crc/: 0.994297096 0.005702904 0.000000000
JK:/crc/: 0.027585332 0.972414668 0.000000000
QJ:/crc/: 0.029105438 0.970894562 0.000000000
QQ:/crc/: 0.991753368 0.008246632 0.000000000
QK:/crc/: 0.007605209 0.992394791 0.000000000
KJ:/crc/: 0.000000030 0.999999970 0.000000000
KQ:/crc/: 0.896375444 0.103624556 0.000000000
KK:/crc/: 0.074512779 0.925487221 0.000000000
JJ:/crc/rr: 0.000000000 1.000000000 0.000000000
JQ:/crc/rr: 0.000000000 0.000000000 1.000000000
JK:/crc/rr: 0.000000000 0.000000246 0.999999754
QJ:/crc/rr: 0.000000000 0.000000035 0.999999965
QQ:/crc/rr: 0.000000000 1.000000000 0.000000000
QK:/crc/rr: 0.000000000 0.000000697 0.999999303
KJ:/crc/rr: 0.000000000 0.300425435 0.699574565
KQ:/crc/rr: 0.000000000 0.000000142 0.999999858
KK:/crc/rr: 0.000000000 1.000000000 0.000000000
JJ:/crc/cr: 1.000000000 0.000000000 0.000000000
JQ:/crc/cr: 0.994163687 0.000000000 0.005836313
JK:/crc/cr: 0.000210558 0.000000005 0.999789437
QJ:/crc/cr: 0.002642619 0.000000001 0.997357381
QQ:/crc/cr: 1.000000000 0.000000000 0.000000000
QK:/crc/cr: 0.000000438 0.555318248 0.444681315
KJ:/crc/cr: 0.000000002 0.999999983 0.000000015
KQ:/crc/cr: 0.000000067 0.546326298 0.453673635
KK:/crc/cr: 0.999999990 0.000000010 0.000000000
JJ:/cc/: 0.000000328 0.999999672 0.000000000
JQ:/cc/: 0.191935674 0.808064326 0.000000000
JK:/cc/: 0.075713276 0.924286724 0.000000000
QJ:/cc/: 0.000000005 0.999999995 0.000000000
QQ:/cc/: 0.520636787 0.479363213 0.000000000
QK:/cc/: 0.576547627 0.423452373 0.000000000
KJ:/cc/: 0.000000203 0.999999797 0.000000000
KQ:/cc/: 0.000000211 0.999999789 0.000000000
KK:/cc/: 0.999761702 0.000238298 0.000000000
JJ:/cc/rr: 0.000000000 0.991256193 0.008743807
JQ:/cc/rr: 0.000000000 0.000000000 1.000000000
JK:/cc/rr: 0.000000000 0.000000009 0.999999991
QJ:/cc/rr: 0.000000000 0.500000000 0.500000000
QQ:/cc/rr: 0.000000000 0.999999851 0.000000149
QK:/cc/rr: 0.000000000 0.974046881 0.025953119
KJ:/cc/rr: 0.000000000 0.986767268 0.013232732
KQ:/cc/rr: 0.000000000 0.722117224 0.277882776
KK:/cc/rr: 0.000000000 0.999999987 0.000000013
JJ:/cc/cr: 0.971869562 0.028130437 0.000000002
JQ:/cc/cr: 0.000000006 0.000000000 0.999999994
JK:/cc/cr: 0.000022335 0.000000001 0.999977665
QJ:/cc/cr: 0.000000008 0.000000002 0.999999991
QQ:/cc/cr: 0.499999946 0.499999946 0.000000108
QK:/cc/cr: 0.002044909 0.997955091 0.000000000
KJ:/cc/cr: 0.000000044 0.000000063 0.999999893
KQ:/cc/cr: 0.000000099 0.420807966 0.579191935
KK:/cc/cr: 0.999911414 0.000051842 0.000036744
