#
# leduc strategy strat2
# made on:       Sat Jan 19 07:38:55 2019
# abstraction:   abstractions/fullgame
# opponent:      abstractions/fullgame
# iterations:    1410065408
#
J:/r: 0.055142869 0.125823805 0.819033326
Q:/r: 0.371035217 0.628964654 0.000000130
K:/r: 0.583041559 0.416958441 0.000000001
JJ:/rrc/r: 0.999999726 0.000000253 0.000000021
JQ:/rrc/r: 0.425862801 0.000000096 0.574137103
JK:/rrc/r: 0.311342979 0.000000101 0.688656920
QJ:/rrc/r: 0.000000045 0.000000012 0.999999943
QQ:/rrc/r: 0.999999861 0.000000112 0.000000027
QK:/rrc/r: 0.000000040 0.503626367 0.496373592
KJ:/rrc/r: 0.040576189 0.886592783 0.072831029
KQ:/rrc/r: 0.085809450 0.534071821 0.380118730
KK:/rrc/r: 0.962260907 0.037739077 0.000000016
JJ:/rrc/c: 0.999999968 0.000000032 0.000000000
JQ:/rrc/c: 0.000004341 0.999995659 0.000000000
JK:/rrc/c: 0.999999282 0.000000718 0.000000000
QJ:/rrc/c: 0.000000245 0.999999755 0.000000000
QQ:/rrc/c: 0.999999958 0.000000042 0.000000000
QK:/rrc/c: 0.425130083 0.574869917 0.000000000
KJ:/rrc/c: 0.337849401 0.662150599 0.000000000
KQ:/rrc/c: 0.522828737 0.477171263 0.000000000
KK:/rrc/c: 0.999999947 0.000000053 0.000000000
JJ:/rrc/crr: 0.000000000 0.999999984 0.000000016
JQ:/rrc/crr: 0.000000000 0.028751555 0.971248445
JK:/rrc/crr: 0.000000000 0.000000076 0.999999924
QJ:/rrc/crr: 0.000000000 0.090895549 0.909104451
QQ:/rrc/crr: 0.000000000 0.999999979 0.000000021
QK:/rrc/crr: 0.000000000 0.051900910 0.948099090
KJ:/rrc/crr: 0.000000000 0.999966055 0.000033945
KQ:/rrc/crr: 0.000000000 0.463922696 0.536077304
KK:/rrc/crr: 0.000000000 0.999999983 0.000000017
JJ:/rc/r: 0.999999981 0.000000009 0.000000009
JQ:/rc/r: 0.000000023 0.000000023 0.999999954
JK:/rc/r: 0.368190957 0.000000007 0.631809036
QJ:/rc/r: 0.019022058 0.000000008 0.980977934
QQ:/rc/r: 0.999999986 0.000000007 0.000000007
QK:/rc/r: 0.000000016 0.307175096 0.692824888
KJ:/rc/r: 0.024588311 0.727607691 0.247803998
KQ:/rc/r: 0.000000134 0.301648674 0.698351192
KK:/rc/r: 0.999999978 0.000000011 0.000000011
JJ:/rc/c: 0.999999986 0.000000014 0.000000000
JQ:/rc/c: 0.999982118 0.000017882 0.000000000
JK:/rc/c: 0.378826253 0.621173747 0.000000000
QJ:/rc/c: 0.000000400 0.999999600 0.000000000
QQ:/rc/c: 0.999999992 0.000000008 0.000000000
QK:/rc/c: 0.378550301 0.621449699 0.000000000
KJ:/rc/c: 0.417794370 0.582205630 0.000000000
KQ:/rc/c: 0.000003610 0.999996390 0.000000000
KK:/rc/c: 0.999999983 0.000000017 0.000000000
JJ:/rc/crr: 0.000000000 0.999999993 0.000000007
JQ:/rc/crr: 0.000000000 0.000000000 1.000000000
JK:/rc/crr: 0.000000000 0.000000013 0.999999987
QJ:/rc/crr: 0.000000000 0.002541205 0.997458795
QQ:/rc/crr: 0.000000000 0.999999998 0.000000002
QK:/rc/crr: 0.000000000 0.000019135 0.999980865
KJ:/rc/crr: 0.000000000 0.783262041 0.216737959
KQ:/rc/crr: 0.000000000 0.048536781 0.951463219
KK:/rc/crr: 0.000000000 0.999999992 0.000000008
J:/c: 0.298398379 0.701601621 0.000000000
Q:/c: 0.849711098 0.150288902 0.000000000
K:/c: 0.999997405 0.000002595 0.000000000
J:/crr: 0.000000000 0.999999998 0.000000002
Q:/crr: 0.000000000 0.999999977 0.000000023
K:/crr: 0.000000000 0.999999999 0.000000001
JJ:/crrc/r: 0.999999952 0.000000045 0.000000003
JQ:/crrc/r: 0.281838105 0.000000010 0.718161886
JK:/crrc/r: 0.185094728 0.000000048 0.814905224
QJ:/crrc/r: 0.023883996 0.000000000 0.976116004
QQ:/crrc/r: 0.999999974 0.000000023 0.000000003
QK:/crrc/r: 0.000000299 0.283706857 0.716292844
KJ:/crrc/r: 0.030809173 0.800569174 0.168621654
KQ:/crrc/r: 0.001127562 0.607769667 0.391102772
KK:/crrc/r: 0.999995993 0.000004004 0.000000003
JJ:/crrc/c: 0.999999996 0.000000004 0.000000000
JQ:/crrc/c: 0.059517040 0.940482960 0.000000000
JK:/crrc/c: 0.400279120 0.599720880 0.000000000
QJ:/crrc/c: 0.000000069 0.999999931 0.000000000
QQ:/crrc/c: 0.999999996 0.000000004 0.000000000
QK:/crrc/c: 0.166236368 0.833763632 0.000000000
KJ:/crrc/c: 0.250106634 0.749893366 0.000000000
KQ:/crrc/c: 0.580305196 0.419694804 0.000000000
KK:/crrc/c: 0.999999996 0.000000004 0.000000000
JJ:/crrc/crr: 0.000000000 0.999999998 0.000000002
JQ:/crrc/crr: 0.000000000 0.000000300 0.999999700
JK:/crrc/crr: 0.000000000 0.000000180 0.999999820
QJ:/crrc/crr: 0.000000000 0.206543635 0.793456365
QQ:/crrc/crr: 0.000000000 0.999999998 0.000000002
QK:/crrc/crr: 0.000000000 0.000003252 0.999996748
KJ:/crrc/crr: 0.000000000 0.937108400 0.062891600
KQ:/crrc/crr: 0.000000000 0.380852243 0.619147757
KK:/crrc/crr: 0.000000000 0.999999998 0.000000002
JJ:/crc/r: 0.636363631 0.363636363 0.000000006
JQ:/crc/r: 0.131138254 0.000000020 0.868861726
JK:/crc/r: 0.015069561 0.000000077 0.984930362
QJ:/crc/r: 0.000000048 0.000000006 0.999999946
QQ:/crc/r: 0.999999976 0.000000015 0.000000009
QK:/crc/r: 0.000000188 0.444450676 0.555549136
KJ:/crc/r: 0.000000111 0.736037916 0.263961973
KQ:/crc/r: 0.000000014 0.422642958 0.577357028
KK:/crc/r: 0.749999980 0.250000004 0.000000016
JJ:/crc/c: 0.999999991 0.000000009 0.000000000
JQ:/crc/c: 0.394690887 0.605309113 0.000000000
JK:/crc/c: 0.559143360 0.440856640 0.000000000
QJ:/crc/c: 0.535346852 0.464653148 0.000000000
QQ:/crc/c: 0.999999980 0.000000020 0.000000000
QK:/crc/c: 0.259741770 0.740258230 0.000000000
KJ:/crc/c: 0.138480000 0.861520000 0.000000000
KQ:/crc/c: 0.351992766 0.648007234 0.000000000
KK:/crc/c: 0.999999884 0.000000116 0.000000000
JJ:/crc/crr: 0.000000000 0.999999996 0.000000004
JQ:/crc/crr: 0.000000000 0.000002269 0.999997731
JK:/crc/crr: 0.000000000 0.000000056 0.999999944
QJ:/crc/crr: 0.000000000 0.000033363 0.999966637
QQ:/crc/crr: 0.000000000 0.999999993 0.000000007
QK:/crc/crr: 0.000000000 0.000009854 0.999990146
KJ:/crc/crr: 0.000000000 0.999999992 0.000000008
KQ:/crc/crr: 0.000000000 0.068646970 0.931353030
KK:/crc/crr: 0.000000000 0.999999964 0.000000036
JJ:/cc/r: 0.999999990 0.000000007 0.000000003
JQ:/cc/r: 0.035724390 0.000000000 0.964275610
JK:/cc/r: 0.000000672 0.000000003 0.999999325
QJ:/cc/r: 0.000000098 0.000000098 0.999999805
QQ:/cc/r: 0.999999818 0.000000092 0.000000090
QK:/cc/r: 0.000000126 0.725460607 0.274539267
KJ:/cc/r: 0.005848327 0.003505343 0.990646331
KQ:/cc/r: 0.013007186 0.984287665 0.002705149
KK:/cc/r: 0.998943625 0.000835902 0.000220473
JJ:/cc/c: 0.999999996 0.000000004 0.000000000
JQ:/cc/c: 0.071240433 0.928759567 0.000000000
JK:/cc/c: 0.007047390 0.992952610 0.000000000
QJ:/cc/c: 0.000000356 0.999999644 0.000000000
QQ:/cc/c: 0.999999990 0.000000010 0.000000000
QK:/cc/c: 0.150527874 0.849472126 0.000000000
KJ:/cc/c: 0.007524684 0.992475316 0.000000000
KQ:/cc/c: 0.002535921 0.997464079 0.000000000
KK:/cc/c: 0.997207573 0.002792427 0.000000000
JJ:/cc/crr: 0.000000000 0.999999998 0.000000002
JQ:/cc/crr: 0.000000000 0.000000000 1.000000000
JK:/cc/crr: 0.000000000 0.000000269 0.999999731
QJ:/cc/crr: 0.000000000 0.093275500 0.906724500
QQ:/cc/crr: 0.000000000 0.999999995 0.000000005
QK:/cc/crr: 0.000000000 0.999999971 0.000000029
KJ:/cc/crr: 0.000000000 0.964626727 0.035373273
KQ:/cc/crr: 0.000000000 0.754666638 0.245333362
KK:/cc/crr: 0.000000000 0.998599877 0.001400123
